1866
1915
1933
163
267
1788
542
1125
788
1621
1869
1698
1769
717
1569
114
1764
104
1048
490
1531
264
621
1615
1225
798
81
876
257
1438
1391
607
6
212
1990
1392
1233
1983
905
726
1266
1190
1945
62
721
140
41
991
770
1828
663
526
1510
1485
704
313
196
2034
700
1531
1783
379
827
447
1891
298
1547
685
1542
670
1481
960
972
305
708
1489
709
1419
766
1933
390
1193
581
174
1209
162
1800
958
670
1313
526
1625
1139
939
280
1254
1621
759
1461
1565
1702
895
1698
1573
1021
685
845
1755
1571
773
1859
600
1242
493
180
310
922
1950
1175
1899
867
368
594
870
983
1304
1997
1502
215
1409
2028
25
1391
1510
104
1526
1717
735
268
229
490
1305
1574
1052
2039
1374
928
1996
1965
994
1608
224
1246
806
394
933
2022
1742
2008
2003
1231
417
311
1583
1681
1645
45
1004
475
828
973
449
1741
1586
493
651
516
1001
593
1638
598
1521
1404
1513
1239
1395
480
666
69
233
1298
686
16
1453
1009
25
1369
1724
1111
186
415
1336
1632
505
610
496
1796
1905
632
286
1961
738
850
846
1987
2036
1346
766
951
1435
350
1216
986
1935
151
1986
1966
56
615
1841
227
455
163
1710
2027
884
1754
1605
513
393
1073
614
169
1237
1395
1379
1345
1961
1034
62
1686
2039
658
862
1159
238
1318
764
1628
825
111
1958
403
1444
1159
384
1007
303
1353
16
233
1672
1276
61
535
641
1659
252
447
923
521
806
555
81
57
444
142
1762
513
594
1928
169
1032
5
1331
1657
1245
500
1267
1136
145
1646
998
1830
235
446
838
1504
434
1762
1121
739
1985
1522
1526
302
857
1669
60
797
649
1751
815
722
1034
922
956
1230
194
1641
1621
631
1300
393
1058
514
1962
31
440
1941
266
198
1341
1490
1362
349
109
181
436
2038
1436
1047
520
389
968
770
1014
907
871
1374
1007
393
1373
249
1570
1951
1899
321
727
169
1731
1295
593
149
1924
1655
995
486
1534
333
1281
1483
1453
1083
992
1717
54
604
1381
673
223
1832
1781
1768
987
1462
1121
1125
1067
1917
1980
437
233
370
1418
84
773
623
1393
1145
1166
1064
1669
716
1182
813
1165
1845
1160
1467
1157
1040
913
1186
510
776
1489
194
321
1706
1427
1313
1757
1767
780
739
1504
1353
1973
862
121
871
1305
1596
434
657
1430
1507
964
609
204
939
1472
1968
821
575
297
866
274
1284
596
1862
1478
279
1544
344
1528
527
750
1944
1942
538
412
1662
1727
1108
1533
1446
860
944
514
1351
412
1668
1573
841
161
1896
1736
1683
5
1113
1537
1185
54
744
805
1321
233
1845
951
870
358
1852
291
1986
500
136
1424
651
1546
1071
1335
1762
238
1538
605
1331
520
115
199
1833
1697
471
1695
233
519
1831
104
1189
625
1143
932
112
322
633
1601
179
1115
866
1612
1246
34
1592
353
1008
488
1185
983
261
250
1936
1011
1823
451
1908
642
1148
160
1608
1923
1150
1113
483
128
1312
1177
502
1386
1609
1824
371
1530
154
1474
1230
1639
1243
887
1171
1879
1348
1332
141
179
1918
1812
1781
1099
220
1482
1047
1016
2018
1879
64
1554
367
1872
995
1217
1971
1002
235
1301
855
334
320
783
413
1848
600
469
1807
165
1706
2017
237
642
1437
1889
1031
1121
1576
16
1736
173
484
579
2015
1800
798
2008
950
1246
174
1357
1848
367
1289
228
973
1071
1048
1150
658
1338
1674
1959
708
1543
1580
1334
1961
400
1832
741
404
1771
1755
1195
1643
510
1141
1744
1458
1930
1455
431
575
569
1307
121
1141
101
1794
1712
924
662
285
189
1352
681
1821
593
1274
1476
274
621
82
770
271
1054
1188
20
148
1110
1900
1862
1895
925
461
519
1407
1989
268
1310
1120
543
1637
1333
1086
1276
1181
624
31
863
916
1650
1780
1566
430
1874
632
1512
443
1316
834
1097
557
1319
810
187
1489
290
1783
1710
1607
54
537
2041
516
295
877
1888
79
1848
1246
546
1551
1170
588
1833
517
1711
885
665
1139
1704
372
438
379
206
1467
339
2
740
191
615
1914
1562
1216
1977
1938
1736
1385
841
994
1847
1539
1883
105
1754
1391
1829
1230
72
360
94
1969
1551
1929
167
2004
979
128
1887
163
1582
1229
1840
1898
1571
740
212
1012
887
936
256
109
1311
1495
851
737
1191
1996
508
1553
644
1262
728
727
1141
1491
324
1395
1308
774
742
84
870
659
1
1514
495
18
1700
1716
1504
1073
995
482
46
1490
1640
1856
826
1355
368
487
1023
138
1465
1950
223
440
22
1373
1740
871
552
1620
941
1869
1972
1950
1639
1758
1510
900
169
70
896
1445
301
886
1871
1049
1651
483
1885
342
1739
2002
330
529
766
1500
1268
936
1963
917
350
1245
1980
1063
371
962
543
1770
1834
954
1054
1287
925
1854
1373
421
1203
434
450
42
537
1946
146
562
465
666
318
1936
1492
1878
267
1131
1056
1892
1399
1149
1558
362
1461
1493
727
1106
466
1796
618
289
269
1922
1827
1173
1974
1783
1236
451
2002
809
187
1202
1479
1735
317
775
1017
695
936
667
788
191
1742
136
1598
969
1270
18
992
245
570
614
1095
903
1147
2
1546
1120
1567
1081
708
1678
1092
503
575
1545
1858
963
601
750
1508
409
762
694
626
1739
113
1932
340
1779
1351
29
1977
1693
876
776
580
729
1632
1838
131
1868
1542
817
1554
1780
1045
1548
1699
1302
1276
1589
658
1041
819
710
903
1335
1034
1691
385
1642
1356
134
939
973
680
1360
445
609
1777
46
1375
1639
143
1280
1652
423
1296
778
1699
1815
1609
1217
1424
1167
1597
619
997
1833
933
242
1746
579
1505
1644
940
1934
309
412
566
594
1575
1239
1744
1186
1486
1909
1631
763
439
191
284
1067
75
1053
1521
689
1431
527
532
1468
934
1381
53
226
1618
1094
1113
1675
1447
806
1530
351
308
1711
1339
1377
1830
273
505
347
176
82
1
1086
1112
1577
671
1653
1198
1148
1230
779
1769
690
676
1256
1998
355
94
981
1826
963
308
1892
604
9
629
1879
769
1333
1591
706
1428
415
391
325
1562
726
35
811
1720
1722
1529
1689
1768
1409
1574
1967
538
1999
1646
2048
605
566
484
1710
1594
58
1135
678
1436
1452
1057
936
290
1738
851
499
309
1291
390
1658
1054
1705
1804
436
1527
1807
103
1717
22
2042
880
1343
365
1798
376
1111
1331
1617
2004
1757
46
401
562
640
1342
1791
1318
1277
786
1228
1166
1407
174
324
405
1810
1856
847
2
1994
1534
258
1893
338
576
316
1262
907
121
798
1350
287
1933
1352
840
258
1534
1881
155
1157
1680
1103
1111
1032
1578
1134
445
1322
760
781
1804
709
1532
1798
506
316
651
490
232
1831
586
609
830
1520
1571
889
906
1011
1539
865
331
1053
739
1953
150
211
1931
1003
809
1999
1534
1653
1461
692
1505
1577
626
1034
1435
1677
506
213
1121
1511
1141
629
28
58
208
603
539
1166
1472
1526
26
1472
559
121
1070
566
1511
321
1473
1656
1962
2013
670
297
922
753
1592
1038
1161
143
1828
590
826
163
1440
305
1732
1927
1568
224
877
832
921
1736
1054
842
1940
311
286
516
916
243
48
173
768
458
473
1997
279
825
818
945
1238
1397
142
986
769
1977
2019
273
926
2024
257
1248
510
726
1917
1509
1944
1303
1714
1753
626
1069
108
857
213
1979
1742
1910
1467
1145
1290
1513
150
1414
1862
1841
933
1022
1016
280
636
1363
816
1220
1882
1492
1070
1517
1191
1135
1611
1393
1000
852
643
1306
976
782
731
1805
435
131
886
1347
1485
1779
1714
1627
514
1730
905
375
1707
1075
939
1533
1830
1518
354
1071
796
1073
822
1270
1761
1153
1011
1336
806
1925
1867
2012
1494
680
3
981
1958
1242
1276
10
2004
1627
590
1164
772
1235
1592
1865
1534
1354
1613
137
1580
1212
1547
512
443
758
528
1969
1287
637
1457
1477
1896
1128
590
993
845
370
1861
560
1577
1566
266
116
1345
51
968
1748
1664
1946
1140
383
940
933
1047
380
102
1496
2016
1337
1815
585
1598
1138
801
333
284
944
1289
1260
1949
624
247
1956
1160
373
1794
723
663
1107
186
1550
956
409
1696
472
679
238
507
2018
1861
1897
235
1373
143
444
352
1530
1586
1552
1688
1893
1261
1183
1985
49
1286
266
1999
875
1906
1554
1721
1284
480
1473
2019
1526
676
1518
908
2045
1672
1699
608
255
1413
1303
962
1931
184
820
468
1703
314
1606
1898
1448
1453
142
227
501
1917
30
1014
889
332
1845
807
815
60
2021
399
672
1632
29
1952
263
2031
1885
1496
924
1635
1453
1699
313
1460
1978
1082
361
885
300
793
759
1333
1473
1596
1370
563
1153
146
438
1292
1706
1685
712
1938
1103
1244
943
873
1794
1756
321
1169
852
1109
709
353
1550
403
526
336
1798
822
1688
1368
1630
317
1974
1695
2007
759
233
105
1690
710
1809
1440
916
1291
768
249
1856
92
1665
1717
1300
1690
1706
1510
1626
255
670
6
1729
1225
941
1547
485
6
1930
400
1926
993
638
1076
1602
292
1875
244
1821
1191
677
1257
405
1764
939
759
1379
1696
1160
1075
1324
1262
1212
1679
1443
2030
1735
6
650
1277
1884
320
1177
803
1258
631
1830
1165
254
1655
686
1393
546
842
1831
713
1406
169
1406
1388
435
1524
1367
342
1359
421
961
59
1133
262
456
1620
724
765
1456
853
377
2017
719
451
1852
644
1322
791
1247
1083
1010
1975
715
583
1971
1480
1987
1184
480
607
703
453
2036
1411
292
1167
1464
1417
1092
1104
68
26
109
1560
1072
1100
172
1351
1047
2013
1009
1263
1119
899
1698
94
1628
1132
1965
344
837
1324
224
765
1910
960
1637
1341
1494
879
1957
211
961
1079
695
1649
367
583
1675
328
1004
1672
401
337
823
1480
1715
156
1590
1492
1810
822
656
872
1622
1094
1988
1682
976
78
775
1596
848
67
1475
200
1317
827
817
1464
437
1704
1528
342
202
1899
576
132
1493
626
917
659
1336
1678
1247
1275
1385
812
346
1767
37
1517
1061
941
724
1299
1175
1114
1486
1348
1928
1561
1922
1518
1704
1073
1203
1919
1824
1941
1870
334
1238
987
1707
387
1237
694
692
1386
610
1543
820
469
1949
1336
294
1689
1026
234
92
416
1396
108
709
916
905
1801
1094
120
393
113
1283
501
1939
169
2045
1799
634
1407
1717
1269
1943
639
1342
573
1373
688
891
163
1482
1788
986
198
447
503
1230
400
1895
1165
1556
1954
144
1739
639
422
644
582
1280
528
1460
1571
599
1096
1815
442
704
1876
25
628
1130
769
0
1388
1860
1354
549
1789
189
1437
119
1608
66
1315
988
66
248
1741
1595
761
1422
1167
1592
1105
817
386
994
1473
516
1711
168
1372
344
464
1606
1360
174
915
547
968
1615
1483
1194
1703
900
1311
408
710
444
1390
327
1245
1554
624
1346
755
1786
279
1496
1783
1563
1576
1571
1152
618
212
1575
1319
1155
