12375
17201
10600
28240
9519
23770
26133
2424
7820
7237
13640
724
18815
23102
28620
6868
30018
9963
6866
13634
6636
20476
10474
13887
27023
22654
5265
11565
7984
16878
19266
238
8962
23329
11160
1709
17149
9069
19361
17122
12344
30226
10812
19690
12915
26514
3846
30534
27136
423
6031
17834
11795
4521
21040
2685
27069
15806
31681
14338
26378
5757
31145
18544
6843
30711
4822
7700
7674
10922
26285
18481
10175
3720
15404
25894
18647
14202
13832
7579
4389
11598
17568
8373
15487
22558
11574
32678
32040
25136
4422
26003
12465
7976
20479
2992
14479
1476
24891
597
